n=35:
Sync: 24.82817029953003
Threads: 27.6948504447937
Multiprocessors: 11.458898305892944
